# Created by Octave 2.1.73, Tue Sep 25 14:17:22 2007 EDT <jcorgan@mobile>
# name: __nargin__
# type: scalar
0
# name: pulse321
# type: complex matrix
# rows: 64
# columns: 1
 (-0.0003662109375,0.9998779296875)
 (-0.0003662109375,0.9998779296875)
 (0,-0.9996337890625)
 (0,-0.9996337890625)
 (-0.0010986328125,-0.961181640625)
 (-0.0010986328125,-0.961181640625)
 (0.0072021484375,0.882568359375)
 (0.0072021484375,0.882568359375)
 (-0.0279541015625,-0.7666015625)
 (-0.0279541015625,-0.7666015625)
 (0.0765380859375,0.616943359375)
 (0.0765380859375,0.616943359375)
 (-0.1688232421875,-0.4447021484375)
 (-0.1688232421875,-0.4447021484375)
 (0.3212890625,0.26611328125)
 (0.3212890625,0.26611328125)
 (-0.54638671875,-0.1092529296875)
 (-0.54638671875,-0.1092529296875)
 (0.843994140625,0.012451171875)
 (0.843994140625,0.012451171875)
 (0.8046875,-0.019775390625)
 (0.8046875,-0.019775390625)
 (-0.444580078125,0.1688232421875)
 (-0.444580078125,0.1688232421875)
 (0.147705078125,-0.477294921875)
 (0.147705078125,-0.477294921875)
 (-0.0032958984375,0.921142578125)
 (-0.0032958984375,0.921142578125)
 (0.09228515625,0.5811767578125)
 (0.09228515625,0.5811767578125)
 (-0.4447021484375,-0.1688232421875)
 (-0.4447021484375,-0.1688232421875)
 (0.9996337890625,0.000244140625)
 (0.9996337890625,0.000244140625)
 (0.4127197265625,-0.19140625)
 (0.4127197265625,-0.19140625)
 (-0.0379638671875,0.728759765625)
 (-0.0379638671875,0.728759765625)
 (0.09228515625,0.5811767578125)
 (0.09228515625,0.5811767578125)
 (-0.617919921875,-0.0762939453125)
 (-0.617919921875,-0.0762939453125)
 (-0.6170654296875,0.0765380859375)
 (-0.6170654296875,0.0765380859375)
 (0.0621337890625,-0.654296875)
 (0.0621337890625,-0.654296875)
 (-0.127685546875,-0.511962890625)
 (-0.127685546875,-0.511962890625)
 (0.843994140625,0.012451171875)
 (0.843994140625,0.012451171875)
 (0.29296875,-0.293212890625)
 (0.29296875,-0.293212890625)
 (-0.01953125,-0.8046875)
 (-0.01953125,-0.8046875)
 (0.654296875,0.0618896484375)
 (0.654296875,0.0618896484375)
 (0.3505859375,-0.239990234375)
 (0.3505859375,-0.239990234375)
 (-0.0279541015625,-0.7666015625)
 (-0.0279541015625,-0.7666015625)
 (0.805419921875,0.01953125)
 (0.805419921875,0.01953125)
 (0.1688232421875,-0.444580078125)
 (0.1688232421875,-0.444580078125)
# name: pulse325
# type: complex matrix
# rows: 320
# columns: 1
 (-0.0003662109375,0.9998779296875)
 (-0.0003662109375,0.9998779296875)
 (0,-0.9996337890625)
 (0,-0.9996337890625)
 (-0.0010986328125,-0.961181640625)
 (-0.0010986328125,-0.961181640625)
 (0.0072021484375,0.882568359375)
 (0.0072021484375,0.882568359375)
 (-0.0279541015625,-0.7666015625)
 (-0.0279541015625,-0.7666015625)
 (0.0765380859375,0.616943359375)
 (0.0765380859375,0.616943359375)
 (-0.1688232421875,-0.4447021484375)
 (-0.1688232421875,-0.4447021484375)
 (0.3212890625,0.26611328125)
 (0.3212890625,0.26611328125)
 (-0.54638671875,-0.1092529296875)
 (-0.54638671875,-0.1092529296875)
 (0.843994140625,0.012451171875)
 (0.843994140625,0.012451171875)
 (0.8046875,-0.019775390625)
 (0.8046875,-0.019775390625)
 (-0.444580078125,0.1688232421875)
 (-0.444580078125,0.1688232421875)
 (0.147705078125,-0.477294921875)
 (0.147705078125,-0.477294921875)
 (-0.0032958984375,0.921142578125)
 (-0.0032958984375,0.921142578125)
 (0.09228515625,0.5811767578125)
 (0.09228515625,0.5811767578125)
 (-0.4447021484375,-0.1688232421875)
 (-0.4447021484375,-0.1688232421875)
 (0.9996337890625,0.000244140625)
 (0.9996337890625,0.000244140625)
 (0.4127197265625,-0.19140625)
 (0.4127197265625,-0.19140625)
 (-0.0379638671875,0.728759765625)
 (-0.0379638671875,0.728759765625)
 (0.09228515625,0.5811767578125)
 (0.09228515625,0.5811767578125)
 (-0.617919921875,-0.0762939453125)
 (-0.617919921875,-0.0762939453125)
 (-0.6170654296875,0.0765380859375)
 (-0.6170654296875,0.0765380859375)
 (0.0621337890625,-0.654296875)
 (0.0621337890625,-0.654296875)
 (-0.127685546875,-0.511962890625)
 (-0.127685546875,-0.511962890625)
 (0.843994140625,0.012451171875)
 (0.843994140625,0.012451171875)
 (0.29296875,-0.293212890625)
 (0.29296875,-0.293212890625)
 (-0.01953125,-0.8046875)
 (-0.01953125,-0.8046875)
 (0.654296875,0.0618896484375)
 (0.654296875,0.0618896484375)
 (0.3505859375,-0.239990234375)
 (0.3505859375,-0.239990234375)
 (-0.0279541015625,-0.7666015625)
 (-0.0279541015625,-0.7666015625)
 (0.805419921875,0.01953125)
 (0.805419921875,0.01953125)
 (0.1688232421875,-0.444580078125)
 (0.1688232421875,-0.444580078125)
 (-0.1910400390625,-0.4127197265625)
 (-0.1910400390625,-0.4127197265625)
 (-0.6912841796875,0.049072265625)
 (-0.6912841796875,0.049072265625)
 (0.0009765625,0.9613037109375)
 (0.0009765625,0.9613037109375)
 (-0.8055419921875,-0.0194091796875)
 (-0.8055419921875,-0.0194091796875)
 (-0.076171875,0.6177978515625)
 (-0.076171875,0.6177978515625)
 (0.4771728515625,0.14794921875)
 (0.4771728515625,0.14794921875)
 (0.2144775390625,-0.3812255859375)
 (0.2144775390625,-0.3812255859375)
 (-0.3214111328125,-0.2659912109375)
 (-0.3214111328125,-0.2659912109375)
 (-0.29296875,0.293212890625)
 (-0.29296875,0.293212890625)
 (0.293212890625,0.29296875)
 (0.293212890625,0.29296875)
 (0.265869140625,-0.3212890625)
 (0.265869140625,-0.3212890625)
 (-0.3814697265625,-0.2144775390625)
 (-0.3814697265625,-0.2144775390625)
 (-0.1480712890625,0.4774169921875)
 (-0.1480712890625,0.4774169921875)
 (0.617919921875,0.0760498046875)
 (0.617919921875,0.0760498046875)
 (0.019287109375,-0.805419921875)
 (0.019287109375,-0.805419921875)
 (0.961181640625,-0.0009765625)
 (0.961181640625,-0.0009765625)
 (-0.049072265625,-0.6915283203125)
 (-0.049072265625,-0.6915283203125)
 (-0.412353515625,0.19091796875)
 (-0.412353515625,0.19091796875)
 (0.4444580078125,0.1689453125)
 (0.4444580078125,0.1689453125)
 (0.019287109375,-0.805419921875)
 (0.019287109375,-0.805419921875)
 (0.7664794921875,-0.02783203125)
 (0.7664794921875,-0.02783203125)
 (-0.2401123046875,-0.3507080078125)
 (-0.2401123046875,-0.3507080078125)
 (-0.06201171875,0.6541748046875)
 (-0.06201171875,0.6541748046875)
 (-0.804443359375,0.0194091796875)
 (-0.804443359375,0.0194091796875)
 (0.293212890625,0.29296875)
 (0.293212890625,0.29296875)
 (0.012451171875,-0.843994140625)
 (0.012451171875,-0.843994140625)
 (0.5118408203125,-0.127685546875)
 (0.5118408203125,-0.127685546875)
 (-0.6541748046875,-0.062255859375)
 (-0.6541748046875,-0.062255859375)
 (-0.07666015625,-0.6170654296875)
 (-0.07666015625,-0.6170654296875)
 (-0.076171875,0.6177978515625)
 (-0.076171875,0.6177978515625)
 (-0.581298828125,0.0921630859375)
 (-0.581298828125,0.0921630859375)
 (0.7286376953125,0.037841796875)
 (0.7286376953125,0.037841796875)
 (0.1912841796875,0.412353515625)
 (0.1912841796875,0.412353515625)
 (0,-0.9996337890625)
 (0,-0.9996337890625)
 (0.1688232421875,-0.444580078125)
 (0.1688232421875,-0.444580078125)
 (0.581298828125,-0.0924072265625)
 (0.581298828125,-0.0924072265625)
 (-0.9212646484375,-0.003662109375)
 (-0.9212646484375,-0.003662109375)
 (-0.4775390625,-0.1478271484375)
 (-0.4775390625,-0.1478271484375)
 (-0.1688232421875,-0.4447021484375)
 (-0.1688232421875,-0.4447021484375)
 (-0.01953125,-0.8046875)
 (-0.01953125,-0.8046875)
 (-0.012451171875,0.8438720703125)
 (-0.012451171875,0.8438720703125)
 (-0.109375,0.5462646484375)
 (-0.109375,0.5462646484375)
 (-0.26611328125,0.321533203125)
 (-0.26611328125,0.321533203125)
 (-0.444580078125,0.1688232421875)
 (-0.444580078125,0.1688232421875)
 (-0.6170654296875,0.0765380859375)
 (-0.6170654296875,0.0765380859375)
 (-0.7666015625,0.02783203125)
 (-0.7666015625,0.02783203125)
 (-0.882568359375,0.00732421875)
 (-0.882568359375,0.00732421875)
 (-0.9613037109375,0.0010986328125)
 (-0.9613037109375,0.0010986328125)
 (0.9996337890625,0.000244140625)
 (0.9996337890625,0.000244140625)
 (0.9996337890625,0.000244140625)
 (0.9996337890625,0.000244140625)
 (-0.9613037109375,0.0010986328125)
 (-0.9613037109375,0.0010986328125)
 (-0.882568359375,0.00732421875)
 (-0.882568359375,0.00732421875)
 (-0.7666015625,0.02783203125)
